neig-18: 0.0
neig-19: 0.0
neig-10: 0.0
neig-11: 0.0
neig-12: 0.0
neig-13: 0.0
neig-14: 0.0126406280259
neig-15: 0.0
neig-16: 0.0
neig-17: 0.0
neig-25: 0.0
neig-24: 0.0
neig-27: 0.0
neig-26: 0.0
neig-21: 0.0
neig-20: 0.0
neig-23: -0.0
neig-22: 0.0
neig-29: 0.0
neig-28: 0.0
neig-47: 0.0
neig-46: 0.0
neig-45: -0.0
neig-44: 0.0
neig-43: 0.0
neig-42: -0.0
neig-41: -0.0
neig-40: -0.0
neig-49: 0.0
neig-48: -0.0
neig-2: 0.0
neig-3: 0.0
neig-0: -0.0869765394148
neig-1: -0.0
neig-6: 0.0
neig-7: 0.0
neig-4: 0.0
neig-5: 0.0167772462664
neig-8: 0.0
neig-9: 0.00292669910788
neig-32: 0.0
neig-33: 0.0
neig-30: 0.0
neig-31: 0.0
neig-36: -0.0
neig-37: 0.0
neig-34: 0.0
neig-35: 0.0
neig-38: 0.0
neig-39: 0.0
